[2303.10743478912,
 2612.63862255433,
 2901.824981218398,
 2939.9385031943275,
 2648.356731341103,
 2684.148689755179,
 3008.958945351504,
 2772.3844227290874,
 2792.0217348494866,
 2830.3068481757355,
 2746.6782813858945,
 2787.3861470336037,
 2646.2415795201127,
 2659.2399468719436,
 2983.1861757472843,
 2984.3146803653844,
 2643.6995462766627,
 2637.18144913788,
 2570.5175896996125,
 2488.4687463267924,
 2647.248335106574,
 2525.750868759821,
 2712.101104923833,
 2504.0101901048974,
 2534.1386089450702,
 2864.1957252921798,
 2581.1872987542024,
 2630.6576930409447,
 2705.2690610271334,
 2421.234609501585,
 2537.552915634218,
 2727.571133542715,
 2412.5334153552662,
 2562.6404337190615,
 2542.066606393765,
 2568.634654933464,
 2609.7181354030186,
 2286.73393536902,
 2610.7561055823735,
 2392.259698940479,
 2083.4002772696413,
 2249.3000636380166,
 2275.745978829053,
 2488.1441530438246,
 2285.2437586095666,
 2305.8880249688004,
 2192.5813911423015,
 2353.74258727747,
 2588.714516439931,
 2183.5063241377743,
 2472.058193220208,
 2719.5458947333177,
 2528.2169931813696,
 2524.6957323381253,
 2199.5561246382517,
 2242.5206827168827,
 2794.032032350641,
 2266.8894903739674,
 2074.8894909331393,
 2463.3892146077924,
 2497.1204177931772,
 2608.5169579114236,
 2382.247266259752,
 2363.55493693823,
 2279.1494155789333,
 2030.5774445696084,
 2533.759364639316,
 2302.419449340101,
 2226.8596395230534,
 2430.618741766034,
 2189.9876830064186,
 2462.083526126726,
 2193.2762755029903,
 2439.7698066141193,
 2519.3245137401245,
 2199.330949450922,
 2327.9282176809784,
 2219.737532642521,
 2529.487851013617,
 2573.583798266308,
 2123.20521733496,
 2196.0415125685568,
 2405.2061559410786,
 2328.635124159763,
 2461.1100824329305,
 2510.3374066066813,
 2296.259808634334,
 2381.145578164702,
 2159.323314363456,
 2011.29176568306,
 2146.47857055779,
 2227.763610545737,
 2118.739052643841,
 1863.0983201586319,
 2048.5894540234094,
 2112.729105136729,
 1773.9205671808616,
 2259.9204458753666,
 2200.0915295098753,
 2007.3922560142826,
 2170.7960707491115,
 1758.428086426808,
 2134.7906932531014,
 2047.2712172158708,
 1800.1116635521214,
 1943.237691488894,
 1859.9405294963262,
 1833.4320228815402,
 1709.864224606074,
 1961.378028830342,
 2407.2470131918326,
 2318.6391936740515,
 2208.4129736729074,
 2110.4175566710774,
 2438.107184496486,
 2372.7821742228393,
 1898.9499722796468,
 2440.011883081239,
 2192.9093335989605,
 2041.7332914096532,
 2277.445174503052,
 1677.3136616477177,
 1835.9463691910125,
 1796.7421752241623,
 1798.0130241268148,
 1839.0219652385485,
 1414.3597393082382,
 1656.9310983449573,
 1835.43284576108,
 1517.0181017500254,
 1493.2915362518438,
 1625.1901042728264,
 1459.1628807318134,
 1707.680624162412,
 1452.2899588783794,
 1550.93029689915,
 1774.6056908082119,
 1419.8578218467846,
 1607.2447574495995,
 1231.3807798886255,
 1310.7312351680816,
 1560.9208053361435,
 1214.944755336998,
 1391.6131387518903,
 1437.9343024492805,
 1502.564938358532,
 1497.5975345080737,
 1512.8419093347152,
 1498.7518313074293,
 1360.987551912619,
 1640.5572407176483,
 1393.6198440675157,
 1265.0863271467706,
 1588.9119880913931,
 1272.928200300646,
 1267.3931948049471,
 1508.2714874082803,
 1485.2710159500555,
 1551.7592394150402,
 1528.8966910121653,
 1707.044629375182,
 1404.043577747214,
 1588.1304226731609,
 1421.9101864641211,
 1192.9003955489177,
 1420.3799998805412,
 1097.6472366315356,
 1289.0392354032995,
 1163.5042844931588,
 1621.9657011706502,
 1665.190016812499,
 1411.81993108298,
 1719.4814419184695,
 1414.3804812659228,
 1735.3921743499088,
 1680.8277638258742,
 1581.1456076482696,
 1823.8709768215494,
 1825.1917865729752,
 2061.2720999830117,
 1846.3681841644288,
 1645.9657107348928,
 1789.901697650079,
 1826.7108018428498,
 1788.3610388328582,
 1830.061760495603,
 1776.7929316473208,
 1652.1997247167096,
 1687.6848137400877,
 1677.1063896955511,
 1838.0513660927472,
 1676.8948607696243,
 1659.4791763938015,
 2023.3502220944397,
 1763.324232364878,
 1525.05205887096,
 1711.9394506932053,
 1363.1575274883157,
 1516.0663886878326,
 1754.0670342168999,
 1336.162934137547,
 1697.330284096579,
 1518.7126887325778,
 1410.5641444422413,
 1598.447174007774,
 1242.5803241763367,
 1682.5121238697986,
 1633.0425109459038,
 1238.5762692562735,
 1495.3238902968699,
 1529.5443342674066,
 1649.996178150894,
 1519.8874811276614,
 1414.2202294668755,
 1365.0177457544514,
 1466.1191822559585,
 1405.152105240637,
 1217.0745363324254,
 1661.5141599093797,
 1644.6234007534115,
 1498.094417887167,
 1663.336988717584,
 1499.3155391495102,
 1475.373011873482,
 1822.8884921634283,
 1574.8381036616368,
 1438.558533982225,
 1781.012811321047,
 1972.96053550244,
 2031.6561927984317,
 1756.0563931637337,
 1788.1709255657538,
 1845.9988072237707,
 1538.249877392922,
 1939.873062858623,
 2008.522100465305,
 1895.8594564271198,
 1969.4368188825647,
 1836.8243577302076,
 1937.8187029712599,
 1864.7763498072986,
 2196.18379017877,
 2021.1945782915043,
 1970.4372523713434,
 2158.126034028271,
 1747.8452936014464,
 2070.9985212785436,
 2081.4578455549135,
 1804.786491432204,
 1956.921058506557,
 1854.9208405142067,
 1890.1322190241212,
 2055.34198202194,
 2177.5162452072477,
 2020.935531275767,
 1821.4719928813888,
 1810.2560454876025,
 1821.4212245162792,
 1878.8062217213683,
 2080.7850042367045,
 1912.3845706435163,
 1679.3485913853451,
 2061.7712686672417,
 2179.824964613282,
 1651.4893077858808,
 2031.781220425794,
 2083.0050801325146,
 1974.3868212789744,
 2287.367010645191,
 1884.6702221036185,
 2188.0809214398223,
 2196.5187414893185,
 1823.9868135025604,
 2045.26349152697,
 1974.721307286874,
 1738.2841043704411,
 1907.8893527399814,
 2108.4052819097096,
 2393.1333894725326,
 2523.6087528307053,
 2292.5585202768175,
 2297.314391352164,
 2663.7214704139715,
 2383.1825220975115,
 2061.1296950706806,
 2573.508106060135,
 2406.65070143303,
 2183.3895785232576,
 2335.537441915747,
 2076.31117583451,
 2198.291231138276,
 2285.053541265572,
 2297.433927502852,
 2235.974017007989,
 2018.456851263484,
 2303.426718938109,
 2467.14986182175,
 2276.8811727913053,
 2402.803758803359,
 2501.1206142738374,
 2438.180961828964,
 2477.7769827047014,
 2081.15378462667,
 2325.379082739047,
 2458.7105210077416,
 2239.851946362686,
 2493.0364972741722,
 2088.653119223255,
 2305.93446882142,
 2478.537619051945,
 2130.577814561802,
 2439.8102451960535,
 2347.7408143444454,
 2405.3209360709475,
 2516.9797402253926,
 2287.7138488106375,
 2267.235816441074,
 2160.796310099044,
 2588.55430169992,
 2463.811827565252,
 2183.84031194258,
 2598.219207305995,
 2512.974510039169,
 2536.154137067636,
 2538.546804107598,
 2583.12582066916,
 2730.864485354963,
 2694.8620075739054,
 2887.2586444686913,
 2753.221178433185,
 2989.847179442541,
 2892.7070595453297,
 2578.491518124886,
 2712.6172577458537,
 2517.4908867249783,
 2502.440441728378,
 2488.0955881465984,
 2751.1410414624793,
 2676.4028134394657,
 2448.532455922368,
 2495.82382140928,
 2395.644608409165,
 2728.819140523398,
 2497.553257689433,
 2271.004649623754,
 2693.705091086779,
 2696.010039060496,
 2558.7564680360088,
 2530.8787995034454,
 2628.600954767626,
 2821.766124346612,
 2902.382677353787,
 2764.685597065474,
 2848.3734176359853,
 2923.9179648270238,
 2795.845357394995,
 2836.455495305216,
 2805.0066316073103,
 3040.7702810130136,
 2922.1922561024103,
 2862.977768224947,
 3010.5488377380357,
 2884.878615163211,
 2867.0247605936593,
 2858.779715888944,
 2608.5821655191103,
 2793.342803255027,
 2974.9853155577493,
 2613.3690288866537,
 2882.4954148252186,
 2848.8359058362944,
 2760.824733094515,
 2814.092569420088,
 2462.3906490210666,
 2810.2371690853424,
 2784.1348919472903,
 2279.742690283437,
 2444.312247873834,
 2509.222958531454,
 2532.0511913524674,
 2501.5872739590945,
 2327.5445441132165,
 2285.0445975147695,
 2605.944740824684,
 2488.947117109665,
 2147.035368555654,
 2456.3359288188776,
 2607.8906308002215,
 2434.3696523958943,
 2460.1048296662166,
 2209.0577056382594,
 2233.135279298112,
 2643.318879930622,
 2186.986345520277,
 2251.5357860201616,
 2604.666814683638,
 2524.4068687573017,
 2716.102896514294,
 2440.727635680061,
 2287.453085891397,
 2457.5828144373822,
 2190.0951761986653,
 2317.995252405411,
 2180.1726038406046,
 2230.435314626666,
 2572.7368527593717,
 2407.9731535949177,
 2354.370836804711,
 2122.6209484241076,
 2504.0429460072096,
 2541.2260432964486,
 2185.2482164162284,
 2366.5192798713074,
 2288.351507291162,
 2380.2657604004507,
 2452.8373264397624,
 2189.355341216948,
 2336.8919020588505,
 2472.4105949304962,
 2496.648571861441,
 2596.3394745502646,
 2581.621055160825,
 2658.706116484647,
 2607.9294567867782,
 2304.858337739555,
 2252.347946621976,
 2344.4613233734412,
 2513.1222608784615,
 2309.119012401745,
 2186.4293217681684,
 2560.496485237167,
 2500.814026742826,
 2234.1967763045886,
 2833.4303714402195,
 2810.747947610809,
 2459.704724989828,
 2545.9397590554727,
 2247.8288869851112,
 2530.2059260571177,
 2332.368535140804,
 2103.4136287431324,
 2210.072396612145,
 2157.0650096993963,
 2148.789519409403,
 1946.2695852883912,
 2264.890182187896,
 2514.7584543595485,
 2346.449778177857,
 2186.608195809092,
 2098.5299827073995,
 2654.3043214195473,
 2385.2189167516913,
 2085.6102295036753,
 2586.157521634897,
 2300.7170375687697,
 2348.4563272442624,
 2459.757629991359,
 2204.054177192216,
 2310.6575276555614,
 2318.0599206528586,
 2270.7430933589085,
 2175.389430387332,
 2089.004815124111,
 2245.9253364238416,
 2378.050892617618,
 2423.9071230615214,
 2516.332487120044,
 2522.273233835006,
 2402.8887004786297,
 2472.530474989291,
 2249.46680880417,
 2461.774604746155,
 2561.6369568974033,
 2147.1795696282916,
 2324.21563796646,
 2151.435125029706,
 2221.715746471143,
 2405.2114719064484,
 2282.696343208669,
 2512.423213741622,
 2577.560124530143,
 2601.6399131723,
 2626.8112426635084,
 2606.4417151198927,
 2494.278744934666,
 2508.6474756564094,
 2668.465290699698,
 2422.7271306955035,
 2379.859469177383,
 2553.217629488222,
 2292.6441580289033,
 2272.482972920056,
 2491.6685491886788,
 2480.6637765964483,
 2483.9689591086344,
 2272.962446706561,
 2550.8535581451083,
 2499.256103312752,
 2492.912237273216,
 2609.005580093204,
 2460.863012599098,
 2541.014243781355,
 2489.1342563132275,
 2590.8118069516795,
 2435.0691680877544,
 2770.071059857936,
 2760.300560574209,
 2487.033782026849,
 2708.118129538956,
 2541.5767357066156,
 2685.2119805267967,
 2672.372674316528,
 2411.131916013753,
 2471.8801085395794,
 2531.1791720106776,
 2579.457254726677,
 2590.1730405196136,
 2461.7353373508977,
 2601.0220194360772,
 2649.5266842200294,
 2422.7929039975943,
 2444.5425365495767,
 2397.9164460554493,
 2437.812305261864,
 2570.0621527355474,
 2431.7575913192313,
 2643.7055668769235,
 2689.1745367925723,
 2580.3368508187896,
 2741.252633953507,
 2585.619034174795,
 2481.2921767024563,
 2646.528718122213,
 2507.1713989068608,
 2591.479220704787,
 2718.9207786689735,
 2417.87429001532,
 2802.100135367927,
 2663.4061085206567,
 2526.9868635296643,
 2724.485187621255,
 2431.5206270870876,
 2762.517122105389,
 2628.829405269065,
 2485.227932939514,
 2677.4538264835733,
 2702.7232029647676,
 3019.252689837282,
 2766.396928730802,
 2647.3975025047375,
 2518.001177680573,
 2739.261894405134,
 2865.666353167562,
 2529.369938886104,
 2820.622274119072,
 2986.9955694095233,
 2844.2129813232013,
 2819.547287308128,
 2703.0804539957717,
 2641.955919139644,
 2867.7594144849068,
 2608.146593953011,
 2702.771047884008,
 2740.2756988331203,
 2835.2252451524155,
 2982.9157759572836,
 2552.8423096134634,
 2847.07152212467,
 2823.168515435138,
 2385.9137625668372,
 2761.135054020588,
 2821.242721504519,
 2760.0540898664717,
 2856.9966853084384,
 2534.648027598454,
 2609.3857330424903,
 2548.5946027891905,
 2772.339160221593,
 2651.005916690139,
 2381.9797535069633,
 2672.759940393856,
 2374.1376657254223,
 2531.4232970936473,
 2669.9181091616856,
 2382.881880942249,
 2594.6490496510232,
 2559.316968907056,
 2382.403086215791,
 2847.234253113328,
 2974.662862221938,
 2750.4040646393164,
 2819.379301033744,
 2737.8408718856463,
 2769.0781062465276,
 2715.8937636847595,
 2745.9644983856897,
 2607.157978477348,
 2387.687054867505,
 2756.185186896637,
 2776.004737106583]